0 152 1.815814 0.277000 0.907669 6792401415658984030
1 332 1.623557 0.375770 0.658822 4441612261934021829
2 100 1.095373 0.267274 0.368920 11713767325132735840
3 132 1.005304 0.374789 0.405000 13241219296827471765
4 270 1.209175 0.450000 0.787668 1590568847119771485
5 250 0.974400 0.851400 0.858187 13511964536841242655
6 879 1.808748 1.216414 1.193950 13634968189682752336
7 164 1.982602 0.591712 0.574558 5796277163778152259
8 188 1.964246 0.565038 0.446109 14265775280913891929
9 144 2.035148 0.349499 0.508191 2419438522001019606
10 256 0.620000 0.463030 0.441193 9630347472933025599
11 120 0.744840 0.467444 0.109831 3819242240291247591
12 190 0.531428 0.863744 0.785740 5599483307556198296
13 107 0.646489 1.349523 0.544455 3067852398224768559
