0 152 1.815814 0.277000 0.907669 6792401415658984030
1 332 1.623557 0.375770 0.658822 4441612261934021829
2 100 1.095373 0.267274 0.368920 11713767325132735840
3 132 1.005304 0.374789 0.405000 13241219296827471765
4 270 1.209175 0.450000 0.703275 16149992432640558428
5 238 0.963200 0.851400 0.578850 13529670524370534861
6 879 1.808748 1.216414 1.193950 13634968189682752336
7 164 1.975336 0.550561 0.427950 16250862627905206880
8 188 1.960465 0.539714 0.346250 1283075742164487893
9 132 2.025314 0.283859 0.205500 16864360485017538931
10 256 0.620000 0.463030 0.441193 9630347472933025599
11 120 0.744840 0.467444 0.109831 3819242240291247591
12 190 0.531428 0.846022 0.799013 6855386931977374585
13 71 0.711451 1.360402 0.427932 4478449472051923983
